Distancias A                         
B 13823 B                        
C 2599 12704 C                       
D 13504 20690 14389 D                      
E 11039 11146 9183 11854 E                     
F 1845 11165 1143 15005 9559 F                    
G 14611 9088 17958 13473 18095 16241 G                   
H 6038 7884 4420 17836 10233 3474 14781 H                  
I 5636 10414 5821 13884 13284 5969 8879 5156 I                 
J 5607 10903 3453 12566 5282 4287 17492 7071 9909 J                
K 4818 9428 4202 15928 11121 2833 12997 1230 3593 8030 K               
L 1717 14224 2820 13796 10307 1472 16113 5103 5134 6749 3123 L              
M 3957 10490 1678 13640 7946 2595 16845 4052 6501 2906 4201 3467 M             
N 786 13154 3158 12183 9829 2082 14776 4899 6052 5192 4282 922 3873 N            
O 5875 8148 4183 17830 9656 3682 14072 617 4632 6069 772 4272 3275 5250 O           
P 9763 7496 9038 16812 13433 7538 8315 4369 3632 10118 4983 7839 8221 7821 4143 P          
Q 15739 13977 16404 6470 18083 16990 5356 18428 13635 17937 18411 15795 16746 16773 18472 12499 Q         
R 12023 15122 11291 8786 5048 12122 18196 14133 18455 8017 13420 14775 10230 11416 13983 19599 14159 R        
S 13348 15309 14571 3649 11638 18097 13065 19861 18853 15442 20580 14694 19317 16048 21482 21928 7314 7423 S       
T 18469 3072 14523 18666 13648 15493 6108 10677 10026 15621 12605 14990 15215 16600 10840 7162 12207 16225 15148 T      
U 17499 13442 20365 5066 12962 18522 9327 22342 18204 17071 22277 19331 19507 17677 23281 16775 5043 9197 2490 11917 U     
V 5478 8987 3938 19645 9259 4361 15224 1423 5416 6515 2848 5306 3161 6517 1571 5776 18379 12300 21053 11229 21711 V    
W 11192 6543 9201 15737 3569 11024 15009 8547 13803 6667 10234 13879 7649 14399 11430 13856 19993 6770 13253 11013 12280 9066 W   
X 19122 14015 18619 6560 9365 19689 11311 19573 20039 15025 21603 18037 19412 16217 22549 19576 9194 6137 3701 12833 2518 21003 9741 X  
Y 3834 10782 4858 16089 11701 3203 11418 4329 2699 7473 2449 2173 4877 3196 3210 5247 15571 14149 19931 12008 20132 5442 12328 23389 Y 
Z 1166 15543 2943 12371 10472 2982 17516 6802 8111 4139 6734 2506 4176 2151 6549 10329 15204 10221 12759 18495 17833 7486 11591 18310 5078 Z